{
 "cells": [
  {
   "cell_type": "markdown",
   "id": "d64cb207",
   "metadata": {},
   "source": [
    "# Angulos de Euler rpy\n",
    "\n",
    "- De ángulos rpy a matriz de rotación (problema directo)\n",
    "- De matriz de rotación a ángulos rpy (problema inverso)"
   ]
  },
  {
   "cell_type": "code",
   "execution_count": 11,
   "id": "4ec3283d",
   "metadata": {},
   "outputs": [
    {
     "name": "stdout",
     "output_type": "stream",
     "text": [
      "Matriz de rotación: \n",
      " [[ 0.47415988 -0.72733794  0.496137  ]\n",
      " [ 0.73846026  0.63539006  0.22573416]\n",
      " [-0.47942554  0.25934338  0.83838664]]\n",
      "RPY: [0.3 0.5 1. ]\n",
      "Vuelvo a matriz de rotación: \n",
      " [[ 0.47415988 -0.72733794  0.496137  ]\n",
      " [ 0.73846026  0.63539006  0.22573416]\n",
      " [-0.47942554  0.25934338  0.83838664]]\n"
     ]
    }
   ],
   "source": [
    "import numpy as np\n",
    "from scipy.spatial.transform import Rotation as R\n",
    "\n",
    "# Matriz de rotación (ejemplo)\n",
    "R_mat = R.from_euler('xyz', [0.3, 0.5, 1.0]).as_matrix()\n",
    "print(\"Matriz de rotación: \\n\",R_mat)\n",
    "\n",
    "# A Euler (roll, pitch, yaw)\n",
    "rpy = R.from_matrix(R_mat).as_euler('xyz')\n",
    "print(\"RPY:\", rpy)\n",
    "\n",
    "# Volver a matriz\n",
    "R_mat2 = R.from_euler('xyz', rpy).as_matrix()\n",
    "print(\"Vuelvo a matriz de rotación: \\n\",R_mat2)"
   ]
  },
  {
   "cell_type": "markdown",
   "id": "d11b30b0",
   "metadata": {},
   "source": [
    "## Dos soluciones posibles"
   ]
  },
  {
   "cell_type": "code",
   "execution_count": 27,
   "id": "117cdf2f",
   "metadata": {},
   "outputs": [
    {
     "name": "stdout",
     "output_type": "stream",
     "text": [
      "Primera solución rpy = [0.3 2.  1. ]\n",
      "Matriz de rotación R=\n",
      " [[-0.2248451  -0.65870019  0.71802419]\n",
      " [-0.35017549  0.74228703  0.57130298]\n",
      " [-0.90929743 -0.1229798  -0.39756026]]\n",
      "Segunda solución rpy = [-2.84159265  1.14159265 -2.14159265]\n",
      "Matriz de rotación R=\n",
      " [[-0.2248451  -0.65870019  0.71802419]\n",
      " [-0.35017549  0.74228703  0.57130298]\n",
      " [-0.90929743 -0.1229798  -0.39756026]]\n"
     ]
    }
   ],
   "source": [
    "rpy1 = np.array([0.3, 2.0, 1.0])\n",
    "R_mat = R.from_euler('xyz', rpy1).as_matrix()\n",
    "print(\"Primera solución rpy =\", rpy1)\n",
    "print(\"Matriz de rotación R=\\n\",R_mat)\n",
    "\n",
    "# otra representación válida\n",
    "rpy2 = R.from_matrix(R_mat).as_euler('xyz')\n",
    "R_mat2 = R.from_euler('xyz', rpy1).as_matrix()\n",
    "print(\"Segunda solución rpy =\", rpy2)\n",
    "print(\"Matriz de rotación R=\\n\",R_mat2)\n"
   ]
  },
  {
   "cell_type": "markdown",
   "id": "98a400d5",
   "metadata": {},
   "source": [
    "## Gimbal lock"
   ]
  },
  {
   "cell_type": "code",
   "execution_count": 29,
   "id": "2c61432e",
   "metadata": {},
   "outputs": [
    {
     "name": "stdout",
     "output_type": "stream",
     "text": [
      "RPY original: [ 0.         -1.57079633  1.57079633]\n",
      "RPY recuperado: [ 1.57079633 -1.57079633  0.        ]\n"
     ]
    }
   ],
   "source": [
    "# pitch = 90° → gimbal lock\n",
    "# Ejemplo de slides\n",
    "rpy_gl = np.array([0.0, -np.pi/2, np.pi/2])\n",
    "R_mat = R.from_euler('xyz', rpy_gl)\n",
    "\n",
    "# Intentar recuperar Euler\n",
    "rpy_rec = R_mat.as_euler('xyz')\n",
    "\n",
    "print(\"RPY original:\", rpy_gl)\n",
    "print(\"RPY recuperado:\", rpy_rec)\n",
    "\n",
    "# Tengo infinitas soluciones: en este ejemplo cualquier combinación r+y=pi/2\n"
   ]
  }
 ],
 "metadata": {
  "kernelspec": {
   "display_name": "robotics",
   "language": "python",
   "name": "python3"
  },
  "language_info": {
   "codemirror_mode": {
    "name": "ipython",
    "version": 3
   },
   "file_extension": ".py",
   "mimetype": "text/x-python",
   "name": "python",
   "nbconvert_exporter": "python",
   "pygments_lexer": "ipython3",
   "version": "3.11.13"
  }
 },
 "nbformat": 4,
 "nbformat_minor": 5
}
